36.00 0.00 0.00 
35.00 0.50 0.50 
35.00 0.50 0.50 
35.00 0.50 0.50 
35.00 1.37 -0.37 
35.00 1.37 -0.37 
35.00 1.37 -0.37 
35.00 2.23 -1.23 
35.00 2.23 -1.23 
35.00 2.23 -1.23 
35.00 3.10 -2.10 
35.00 3.10 -2.10 
35.00 3.10 -2.10 
35.00 3.10 -2.10 
35.00 3.96 -2.96 
35.00 3.96 -2.96 
35.00 3.96 -2.96 
35.00 4.83 -3.83 
35.00 4.83 -3.83 
35.00 4.83 -3.83 
35.00 4.83 -3.83 
35.00 5.70 -4.70 
35.00 5.70 -4.70 
34.00 6.20 -4.20 
34.00 7.06 -5.06 
34.00 7.06 -5.06 
34.00 7.06 -5.06 
34.00 7.06 -5.06 
34.00 7.93 -5.93 
34.00 7.93 -5.93 
34.00 7.93 -5.93 
34.00 8.79 -6.79 
34.00 8.79 -6.79 
33.00 9.29 -6.29 
33.00 9.29 -6.29 
33.00 10.16 -7.16 
33.00 10.16 -7.16 
33.00 10.16 -7.16 
33.00 10.16 -7.16 
33.00 11.03 -8.03 
33.00 11.03 -8.03 
32.00 11.53 -7.53 
32.00 12.39 -8.39 
32.00 12.39 -8.39 
32.00 12.39 -8.39 
32.00 12.39 -8.39 
32.00 13.26 -9.26 
31.00 13.76 -8.76 
31.00 13.76 -8.76 
31.00 13.76 -8.76 
31.00 14.62 -9.62 
31.00 14.62 -9.62 
31.00 14.62 -9.62 
30.00 15.12 -9.12 
30.00 15.99 -9.99 
30.00 15.99 -9.99 
30.00 15.99 -9.99 
30.00 15.99 -9.99 
29.00 16.49 -9.49 
29.00 17.36 -10.36 
29.00 17.36 -10.36 
29.00 17.36 -10.36 
29.00 17.36 -10.36 
28.00 18.72 -10.72 
28.00 18.72 -10.72 
28.00 18.72 -10.72 
28.00 18.72 -10.72 
27.00 19.22 -10.22 
27.00 20.09 -11.09 
27.00 20.09 -11.09 
27.00 20.09 -11.09 
27.00 20.09 -11.09 
26.00 20.59 -10.59 
26.00 21.45 -11.45 
26.00 21.45 -11.45 
26.00 21.45 -11.45 
25.00 21.95 -10.95 
25.00 21.95 -10.95 
25.00 21.95 -10.95 
25.00 22.82 -11.82 
24.00 23.32 -11.32 
24.00 23.32 -11.32 
24.00 23.32 -11.32 
24.00 23.32 -11.32 
23.00 23.82 -10.82 
23.00 24.69 -11.69 
23.00 24.69 -11.69 
22.00 25.19 -11.19 
22.00 25.19 -11.19 
22.00 25.19 -11.19 
22.00 25.19 -11.19 
21.00 25.69 -10.69 
21.00 25.69 -10.69 
21.00 26.55 -11.55 
21.00 26.55 -11.55 
20.00 27.05 -11.05 
20.00 27.05 -11.05 
20.00 27.05 -11.05 
19.00 27.55 -10.55 
19.00 27.55 -10.55 
19.00 27.55 -10.55 
19.00 27.55 -10.55 
18.00 28.05 -10.05 
18.00 28.92 -10.92 
18.00 28.92 -10.92 
17.00 29.42 -10.42 
17.00 29.42 -10.42 
17.00 29.42 -10.42 
17.00 29.42 -10.42 
16.00 29.92 -9.92 
16.00 29.92 -9.92 
16.00 29.92 -9.92 
15.00 30.42 -9.42 
15.00 30.42 -9.42 
15.00 30.42 -9.42 
15.00 30.42 -9.42 
14.00 30.92 -8.92 
14.00 30.92 -8.92 
14.00 30.92 -8.92 
13.00 31.42 -8.42 
13.00 31.42 -8.42 
13.00 31.42 -8.42 
12.00 31.92 -7.92 
12.00 31.92 -7.92 
12.00 31.92 -7.92 
12.00 32.78 -8.78 
12.00 31.92 -7.92 
12.00 31.92 -7.92 
12.00 31.92 -7.92 
11.00 32.42 -7.42 
11.00 32.42 -7.42 
11.00 32.42 -7.42 
10.00 32.92 -6.92 
10.00 32.92 -6.92 
10.00 32.92 -6.92 
9.00 33.42 -6.42 
9.00 33.42 -6.42 
9.00 33.42 -6.42 
9.00 33.42 -6.42 
8.00 33.92 -5.92 
8.00 33.92 -5.92 
8.00 33.92 -5.92 
7.00 34.42 -5.42 
7.00 34.42 -5.42 
7.00 34.42 -5.42 
7.00 34.42 -5.42 
6.00 34.92 -4.92 
6.00 34.92 -4.92 
6.00 34.05 -4.05 
5.00 34.55 -3.55 
5.00 34.55 -3.55 
5.00 34.55 -3.55 
5.00 34.55 -3.55 
4.00 35.05 -3.05 
4.00 35.05 -3.05 
4.00 35.05 -3.05 
3.00 35.55 -2.55 
3.00 35.55 -2.55 
3.00 34.69 -1.69 
3.00 34.69 -1.69 
2.00 35.19 -1.19 
2.00 35.19 -1.19 
2.00 35.19 -1.19 
2.00 35.19 -1.19 
1.00 35.69 -0.69 
1.00 35.69 -0.69 
1.00 34.82 0.18 
0.00 35.32 0.68 
0.00 35.32 0.68 
0.00 35.32 0.68 
0.00 35.32 0.68 
-1.00 35.82 1.18 
-1.00 34.95 2.05 
-1.00 34.95 2.05 
-1.00 34.95 2.05 
-2.00 35.45 2.55 
-2.00 35.45 2.55 
-2.00 35.45 2.55 
-2.00 34.59 3.41 
-3.00 35.09 3.91 
-3.00 35.09 3.91 
-3.00 35.09 3.91 
-3.00 35.09 3.91 
-3.00 34.22 4.78 
-4.00 34.72 5.28 
-4.00 34.72 5.28 
-4.00 34.72 5.28 
-4.00 34.72 5.28 
-5.00 34.36 6.64 
-5.00 34.36 6.64 
-5.00 34.36 6.64 
-5.00 34.36 6.64 
-5.00 33.49 7.51 
-6.00 33.99 8.01 
-6.00 33.99 8.01 
-6.00 33.99 8.01 
-6.00 33.99 8.01 
-6.00 33.12 8.88 
-7.00 33.62 9.38 
-7.00 33.62 9.38 
-7.00 33.62 9.38 
-7.00 32.76 10.24 
-7.00 32.76 10.24 
-7.00 32.76 10.24 
-8.00 33.26 10.74 
-8.00 32.39 11.61 
-8.00 32.39 11.61 
-8.00 32.39 11.61 
-8.00 32.39 11.61 
-8.00 31.53 12.47 
-9.00 32.03 12.97 
-9.00 32.03 12.97 
-9.00 31.16 13.84 
-9.00 31.16 13.84 
-9.00 31.16 13.84 
-9.00 31.16 13.84 
-9.00 30.29 14.71 
-9.00 30.29 14.71 
-10.00 30.79 15.21 
-10.00 30.79 15.21 
-10.00 29.93 16.07 
-10.00 29.93 16.07 
-10.00 29.93 16.07 
-10.00 29.06 16.94 
-10.00 29.06 16.94 
-10.00 29.06 16.94 
-10.00 29.06 16.94 
-10.00 28.20 17.80 
-11.00 28.70 18.30 
-11.00 28.70 18.30 
-11.00 27.83 19.17 
-11.00 27.83 19.17 
-11.00 27.83 19.17 
-11.00 27.83 19.17 
-11.00 26.96 20.04 
-11.00 26.96 20.04 
-11.00 26.96 20.04 
-11.00 26.10 20.90 
-11.00 26.10 20.90 
-11.00 26.10 20.90 
-11.00 26.10 20.90 
-11.00 25.23 21.77 
-11.00 25.23 21.77 
-11.00 25.23 21.77 
-11.00 24.37 22.63 
-11.00 24.37 22.63 
-11.00 24.37 22.63 
-11.00 23.50 23.50 
-11.00 23.50 23.50 
-11.00 23.50 23.50 
-12.00 24.00 24.00 
-11.00 23.50 23.50 
-11.00 23.50 23.50 
-11.00 23.50 23.50 
-11.00 22.63 24.37 
-11.00 22.63 24.37 
-11.00 22.63 24.37 
-11.00 21.77 25.23 
-11.00 21.77 25.23 
-11.00 21.77 25.23 
-11.00 20.90 26.10 
-11.00 20.90 26.10 
-11.00 20.90 26.10 
-11.00 20.90 26.10 
-11.00 20.04 26.96 
-11.00 20.04 26.96 
-11.00 20.04 26.96 
-11.00 19.17 27.83 
-11.00 19.17 27.83 
-11.00 19.17 27.83 
-11.00 19.17 27.83 
-11.00 18.30 28.70 
-11.00 18.30 28.70 
-10.00 17.80 28.20 
-10.00 16.94 29.06 
-10.00 16.94 29.06 
-10.00 16.94 29.06 
-10.00 16.94 29.06 
-10.00 16.07 29.93 
-10.00 16.07 29.93 
-10.00 16.07 29.93 
-10.00 15.21 30.79 
-10.00 15.21 30.79 
-9.00 14.71 30.29 
-9.00 14.71 30.29 
-9.00 13.84 31.16 
-9.00 13.84 31.16 
-9.00 13.84 31.16 
-9.00 13.84 31.16 
-9.00 12.97 32.03 
-9.00 12.97 32.03 
-8.00 12.47 31.53 
-8.00 11.61 32.39 
-8.00 11.61 32.39 
-8.00 11.61 32.39 
-8.00 11.61 32.39 
-8.00 10.74 33.26 
-7.00 10.24 32.76 
-7.00 10.24 32.76 
-7.00 10.24 32.76 
-7.00 9.38 33.62 
-7.00 9.38 33.62 
-7.00 9.38 33.62 
-6.00 8.88 33.12 
-6.00 8.01 33.99 
-6.00 8.01 33.99 
-6.00 8.01 33.99 
-6.00 8.01 33.99 
-5.00 7.51 33.49 
-5.00 6.64 34.36 
-5.00 6.64 34.36 
-5.00 6.64 34.36 
-5.00 6.64 34.36 
-4.00 5.28 34.72 
-4.00 5.28 34.72 
-4.00 5.28 34.72 
-4.00 5.28 34.72 
-3.00 4.78 34.22 
-3.00 3.91 35.09 
-3.00 3.91 35.09 
-3.00 3.91 35.09 
-3.00 3.91 35.09 
-2.00 3.41 34.59 
-2.00 2.55 35.45 
-2.00 2.55 35.45 
-2.00 2.55 35.45 
-1.00 2.05 34.95 
-1.00 2.05 34.95 
-1.00 2.05 34.95 
-1.00 1.18 35.82 
0.00 0.68 35.32 
0.00 0.68 35.32 
0.00 0.68 35.32 
0.00 0.68 35.32 
1.00 0.18 34.82 
1.00 -0.69 35.69 
1.00 -0.69 35.69 
2.00 -1.19 35.19 
2.00 -1.19 35.19 
2.00 -1.19 35.19 
2.00 -1.19 35.19 
3.00 -1.69 34.69 
3.00 -1.69 34.69 
3.00 -2.55 35.55 
3.00 -2.55 35.55 
4.00 -3.05 35.05 
4.00 -3.05 35.05 
4.00 -3.05 35.05 
5.00 -3.55 34.55 
5.00 -3.55 34.55 
5.00 -3.55 34.55 
5.00 -3.55 34.55 
6.00 -4.05 34.05 
6.00 -4.92 34.92 
6.00 -4.92 34.92 
7.00 -5.42 34.42 
7.00 -5.42 34.42 
7.00 -5.42 34.42 
7.00 -5.42 34.42 
8.00 -5.92 33.92 
8.00 -5.92 33.92 
8.00 -5.92 33.92 
9.00 -6.42 33.42 
9.00 -6.42 33.42 
9.00 -6.42 33.42 
9.00 -6.42 33.42 
10.00 -6.92 32.92 
10.00 -6.92 32.92 
10.00 -6.92 32.92 
11.00 -7.42 32.42 
11.00 -7.42 32.42 
11.00 -7.42 32.42 
12.00 -7.92 31.92 
12.00 -7.92 31.92 
12.00 -7.92 31.92 
12.00 -8.78 32.78 
12.00 -7.92 31.92 
12.00 -7.92 31.92 
12.00 -7.92 31.92 
13.00 -8.42 31.42 
13.00 -8.42 31.42 
13.00 -8.42 31.42 
14.00 -8.92 30.92 
14.00 -8.92 30.92 
14.00 -8.92 30.92 
15.00 -9.42 30.42 
15.00 -9.42 30.42 
15.00 -9.42 30.42 
15.00 -9.42 30.42 
16.00 -9.92 29.92 
16.00 -9.92 29.92 
16.00 -9.92 29.92 
17.00 -10.42 29.42 
17.00 -10.42 29.42 
17.00 -10.42 29.42 
17.00 -10.42 29.42 
18.00 -10.92 28.92 
18.00 -10.92 28.92 
18.00 -10.05 28.05 
19.00 -10.55 27.55 
19.00 -10.55 27.55 
19.00 -10.55 27.55 
19.00 -10.55 27.55 
20.00 -11.05 27.05 
20.00 -11.05 27.05 
20.00 -11.05 27.05 
21.00 -11.55 26.55 
21.00 -11.55 26.55 
21.00 -10.69 25.69 
21.00 -10.69 25.69 
22.00 -11.19 25.19 
22.00 -11.19 25.19 
22.00 -11.19 25.19 
22.00 -11.19 25.19 
23.00 -11.69 24.69 
23.00 -11.69 24.69 
23.00 -10.82 23.82 
24.00 -11.32 23.32 
24.00 -11.32 23.32 
24.00 -11.32 23.32 
24.00 -11.32 23.32 
25.00 -11.82 22.82 
25.00 -10.95 21.95 
25.00 -10.95 21.95 
25.00 -10.95 21.95 
26.00 -11.45 21.45 
26.00 -11.45 21.45 
26.00 -11.45 21.45 
26.00 -10.59 20.59 
27.00 -11.09 20.09 
27.00 -11.09 20.09 
27.00 -11.09 20.09 
27.00 -11.09 20.09 
27.00 -10.22 19.22 
28.00 -10.72 18.72 
28.00 -10.72 18.72 
28.00 -10.72 18.72 
28.00 -10.72 18.72 
29.00 -10.36 17.36 
29.00 -10.36 17.36 
29.00 -10.36 17.36 
29.00 -10.36 17.36 
29.00 -9.49 16.49 
30.00 -9.99 15.99 
30.00 -9.99 15.99 
30.00 -9.99 15.99 
30.00 -9.99 15.99 
30.00 -9.12 15.12 
31.00 -9.62 14.62 
31.00 -9.62 14.62 
31.00 -9.62 14.62 
31.00 -8.76 13.76 
31.00 -8.76 13.76 
31.00 -8.76 13.76 
32.00 -9.26 13.26 
32.00 -8.39 12.39 
32.00 -8.39 12.39 
32.00 -8.39 12.39 
32.00 -8.39 12.39 
32.00 -7.53 11.53 
33.00 -8.03 11.03 
33.00 -8.03 11.03 
33.00 -7.16 10.16 
33.00 -7.16 10.16 
33.00 -7.16 10.16 
33.00 -7.16 10.16 
33.00 -6.29 9.29 
33.00 -6.29 9.29 
34.00 -6.79 8.79 
34.00 -6.79 8.79 
34.00 -5.93 7.93 
34.00 -5.93 7.93 
34.00 -5.93 7.93 
34.00 -5.06 7.06 
34.00 -5.06 7.06 
34.00 -5.06 7.06 
34.00 -5.06 7.06 
34.00 -4.20 6.20 
35.00 -4.70 5.70 
35.00 -4.70 5.70 
35.00 -3.83 4.83 
35.00 -3.83 4.83 
35.00 -3.83 4.83 
35.00 -3.83 4.83 
35.00 -2.96 3.96 
35.00 -2.96 3.96 
35.00 -2.96 3.96 
35.00 -2.10 3.10 
35.00 -2.10 3.10 
35.00 -2.10 3.10 
35.00 -2.10 3.10 
35.00 -1.23 2.23 
35.00 -1.23 2.23 
35.00 -1.23 2.23 
35.00 -0.37 1.37 
35.00 -0.37 1.37 
35.00 -0.37 1.37 
35.00 0.50 0.50 
35.00 0.50 0.50 
35.00 0.50 0.50 
36.00 0.00 0.00 
36.00 0.00 0.00 
35.00 0.50 0.50 
35.00 0.50 0.50 
35.00 0.50 0.50 
35.00 -0.37 1.37 
35.00 -0.37 1.37 
35.00 -0.37 1.37 
35.00 -1.23 2.23 
35.00 -1.23 2.23 
35.00 -1.23 2.23 
35.00 -2.10 3.10 
35.00 -2.10 3.10 
35.00 -2.10 3.10 
35.00 -2.10 3.10 
35.00 -2.96 3.96 
35.00 -2.96 3.96 
35.00 -2.96 3.96 
35.00 -3.83 4.83 
35.00 -3.83 4.83 
35.00 -3.83 4.83 
35.00 -3.83 4.83 
35.00 -4.70 5.70 
35.00 -4.70 5.70 
34.00 -4.20 6.20 
34.00 -5.06 7.06 
34.00 -5.06 7.06 
34.00 -5.06 7.06 
34.00 -5.06 7.06 
34.00 -5.93 7.93 
34.00 -5.93 7.93 
34.00 -5.93 7.93 
34.00 -6.79 8.79 
34.00 -6.79 8.79 
33.00 -6.29 9.29 
33.00 -6.29 9.29 
33.00 -7.16 10.16 
33.00 -7.16 10.16 
33.00 -7.16 10.16 
33.00 -7.16 10.16 
33.00 -8.03 11.03 
33.00 -8.03 11.03 
32.00 -7.53 11.53 
32.00 -8.39 12.39 
32.00 -8.39 12.39 
32.00 -8.39 12.39 
32.00 -8.39 12.39 
32.00 -9.26 13.26 
31.00 -8.76 13.76 
31.00 -8.76 13.76 
31.00 -8.76 13.76 
31.00 -9.62 14.62 
31.00 -9.62 14.62 
31.00 -9.62 14.62 
30.00 -9.12 15.12 
30.00 -9.99 15.99 
30.00 -9.99 15.99 
30.00 -9.99 15.99 
30.00 -9.99 15.99 
29.00 -9.49 16.49 
29.00 -10.36 17.36 
29.00 -10.36 17.36 
29.00 -10.36 17.36 
29.00 -10.36 17.36 
28.00 -10.72 18.72 
28.00 -10.72 18.72 
28.00 -10.72 18.72 
28.00 -10.72 18.72 
27.00 -10.22 19.22 
27.00 -11.09 20.09 
27.00 -11.09 20.09 
27.00 -11.09 20.09 
27.00 -11.09 20.09 
26.00 -10.59 20.59 
26.00 -11.45 21.45 
26.00 -11.45 21.45 
26.00 -11.45 21.45 
25.00 -10.95 21.95 
25.00 -10.95 21.95 
25.00 -10.95 21.95 
25.00 -11.82 22.82 
24.00 -11.32 23.32 
24.00 -11.32 23.32 
24.00 -11.32 23.32 
24.00 -11.32 23.32 
23.00 -10.82 23.82 
23.00 -11.69 24.69 
23.00 -11.69 24.69 
22.00 -11.19 25.19 
22.00 -11.19 25.19 
22.00 -11.19 25.19 
22.00 -11.19 25.19 
21.00 -10.69 25.69 
21.00 -10.69 25.69 
21.00 -11.55 26.55 
21.00 -11.55 26.55 
20.00 -11.05 27.05 
20.00 -11.05 27.05 
20.00 -11.05 27.05 
19.00 -10.55 27.55 
19.00 -10.55 27.55 
19.00 -10.55 27.55 
19.00 -10.55 27.55 
18.00 -10.05 28.05 
18.00 -10.92 28.92 
18.00 -10.92 28.92 
17.00 -10.42 29.42 
17.00 -10.42 29.42 
17.00 -10.42 29.42 
17.00 -10.42 29.42 
16.00 -9.92 29.92 
16.00 -9.92 29.92 
16.00 -9.92 29.92 
15.00 -9.42 30.42 
15.00 -9.42 30.42 
15.00 -9.42 30.42 
15.00 -9.42 30.42 
14.00 -8.92 30.92 
14.00 -8.92 30.92 
14.00 -8.92 30.92 
13.00 -8.42 31.42 
13.00 -8.42 31.42 
13.00 -8.42 31.42 
12.00 -7.92 31.92 
12.00 -7.92 31.92 
12.00 -7.92 31.92 
12.00 -8.78 32.78 
12.00 -7.92 31.92 
12.00 -7.92 31.92 
12.00 -7.92 31.92 
11.00 -7.42 32.42 
11.00 -7.42 32.42 
11.00 -7.42 32.42 
10.00 -6.92 32.92 
10.00 -6.92 32.92 
10.00 -6.92 32.92 
9.00 -6.42 33.42 
9.00 -6.42 33.42 
9.00 -6.42 33.42 
9.00 -6.42 33.42 
8.00 -5.92 33.92 
8.00 -5.92 33.92 
8.00 -5.92 33.92 
7.00 -5.42 34.42 
7.00 -5.42 34.42 
7.00 -5.42 34.42 
7.00 -5.42 34.42 
6.00 -4.92 34.92 
6.00 -4.92 34.92 
6.00 -4.05 34.05 
5.00 -3.55 34.55 
5.00 -3.55 34.55 
5.00 -3.55 34.55 
5.00 -3.55 34.55 
4.00 -3.05 35.05 
4.00 -3.05 35.05 
4.00 -3.05 35.05 
3.00 -2.55 35.55 
3.00 -2.55 35.55 
3.00 -1.69 34.69 
3.00 -1.69 34.69 
2.00 -1.19 35.19 
2.00 -1.19 35.19 
2.00 -1.19 35.19 
2.00 -1.19 35.19 
1.00 -0.69 35.69 
1.00 -0.69 35.69 
1.00 0.18 34.82 
0.00 0.68 35.32 
0.00 0.68 35.32 
0.00 0.68 35.32 
0.00 0.68 35.32 
-1.00 1.18 35.82 
-1.00 2.05 34.95 
-1.00 2.05 34.95 
-1.00 2.05 34.95 
-2.00 2.55 35.45 
-2.00 2.55 35.45 
-2.00 2.55 35.45 
-2.00 3.41 34.59 
-3.00 3.91 35.09 
-3.00 3.91 35.09 
-3.00 3.91 35.09 
-3.00 3.91 35.09 
-3.00 4.78 34.22 
-4.00 5.28 34.72 
-4.00 5.28 34.72 
-4.00 5.28 34.72 
-4.00 5.28 34.72 
-5.00 6.64 34.36 
-5.00 6.64 34.36 
-5.00 6.64 34.36 
-5.00 6.64 34.36 
-5.00 7.51 33.49 
-6.00 8.01 33.99 
-6.00 8.01 33.99 
-6.00 8.01 33.99 
-6.00 8.01 33.99 
-6.00 8.88 33.12 
-7.00 9.38 33.62 
-7.00 9.38 33.62 
-7.00 9.38 33.62 
-7.00 10.24 32.76 
-7.00 10.24 32.76 
-7.00 10.24 32.76 
-8.00 10.74 33.26 
-8.00 11.61 32.39 
-8.00 11.61 32.39 
-8.00 11.61 32.39 
-8.00 11.61 32.39 
-8.00 12.47 31.53 
-9.00 12.97 32.03 
-9.00 12.97 32.03 
-9.00 13.84 31.16 
-9.00 13.84 31.16 
-9.00 13.84 31.16 
-9.00 13.84 31.16 
-9.00 14.71 30.29 
-9.00 14.71 30.29 
-10.00 15.21 30.79 
-10.00 15.21 30.79 
-10.00 16.07 29.93 
-10.00 16.07 29.93 
-10.00 16.07 29.93 
-10.00 16.94 29.06 
-10.00 16.94 29.06 
-10.00 16.94 29.06 
-10.00 16.94 29.06 
-10.00 17.80 28.20 
-11.00 18.30 28.70 
-11.00 18.30 28.70 
-11.00 19.17 27.83 
-11.00 19.17 27.83 
-11.00 19.17 27.83 
-11.00 19.17 27.83 
-11.00 20.04 26.96 
-11.00 20.04 26.96 
-11.00 20.04 26.96 
-11.00 20.90 26.10 
-11.00 20.90 26.10 
-11.00 20.90 26.10 
-11.00 20.90 26.10 
-11.00 21.77 25.23 
-11.00 21.77 25.23 
-11.00 21.77 25.23 
-11.00 22.63 24.37 
-11.00 22.63 24.37 
-11.00 22.63 24.37 
-11.00 23.50 23.50 
-11.00 23.50 23.50 
-11.00 23.50 23.50 
-12.00 24.00 24.00 
-11.00 23.50 23.50 
-11.00 23.50 23.50 
-11.00 23.50 23.50 
-11.00 24.37 22.63 
-11.00 24.37 22.63 
-11.00 24.37 22.63 
-11.00 25.23 21.77 
-11.00 25.23 21.77 
-11.00 25.23 21.77 
-11.00 26.10 20.90 
-11.00 26.10 20.90 
-11.00 26.10 20.90 
-11.00 26.10 20.90 
-11.00 26.96 20.04 
-11.00 26.96 20.04 
-11.00 26.96 20.04 
-11.00 27.83 19.17 
-11.00 27.83 19.17 
-11.00 27.83 19.17 
-11.00 27.83 19.17 
-11.00 28.70 18.30 
-11.00 28.70 18.30 
-10.00 28.20 17.80 
-10.00 29.06 16.94 
-10.00 29.06 16.94 
-10.00 29.06 16.94 
-10.00 29.06 16.94 
-10.00 29.93 16.07 
-10.00 29.93 16.07 
-10.00 29.93 16.07 
-10.00 30.79 15.21 
-10.00 30.79 15.21 
-9.00 30.29 14.71 
-9.00 30.29 14.71 
-9.00 31.16 13.84 
-9.00 31.16 13.84 
-9.00 31.16 13.84 
-9.00 31.16 13.84 
-9.00 32.03 12.97 
-9.00 32.03 12.97 
-8.00 31.53 12.47 
-8.00 32.39 11.61 
-8.00 32.39 11.61 
-8.00 32.39 11.61 
-8.00 32.39 11.61 
-8.00 33.26 10.74 
-7.00 32.76 10.24 
-7.00 32.76 10.24 
-7.00 32.76 10.24 
-7.00 33.62 9.38 
-7.00 33.62 9.38 
-7.00 33.62 9.38 
-6.00 33.12 8.88 
-6.00 33.99 8.01 
-6.00 33.99 8.01 
-6.00 33.99 8.01 
-6.00 33.99 8.01 
-5.00 33.49 7.51 
-5.00 34.36 6.64 
-5.00 34.36 6.64 
-5.00 34.36 6.64 
-5.00 34.36 6.64 
-4.00 34.72 5.28 
-4.00 34.72 5.28 
-4.00 34.72 5.28 
-4.00 34.72 5.28 
-3.00 34.22 4.78 
-3.00 35.09 3.91 
-3.00 35.09 3.91 
-3.00 35.09 3.91 
-3.00 35.09 3.91 
-2.00 34.59 3.41 
-2.00 35.45 2.55 
-2.00 35.45 2.55 
-2.00 35.45 2.55 
-1.00 34.95 2.05 
-1.00 34.95 2.05 
-1.00 34.95 2.05 
-1.00 35.82 1.18 
0.00 35.32 0.68 
0.00 35.32 0.68 
0.00 35.32 0.68 
0.00 35.32 0.68 
1.00 34.82 0.18 
1.00 35.69 -0.69 
1.00 35.69 -0.69 
2.00 35.19 -1.19 
2.00 35.19 -1.19 
2.00 35.19 -1.19 
2.00 35.19 -1.19 
3.00 34.69 -1.69 
3.00 34.69 -1.69 
3.00 35.55 -2.55 
3.00 35.55 -2.55 
4.00 35.05 -3.05 
4.00 35.05 -3.05 
4.00 35.05 -3.05 
5.00 34.55 -3.55 
5.00 34.55 -3.55 
5.00 34.55 -3.55 
5.00 34.55 -3.55 
6.00 34.05 -4.05 
6.00 34.92 -4.92 
6.00 34.92 -4.92 
7.00 34.42 -5.42 
7.00 34.42 -5.42 
7.00 34.42 -5.42 
7.00 34.42 -5.42 
8.00 33.92 -5.92 
8.00 33.92 -5.92 
8.00 33.92 -5.92 
9.00 33.42 -6.42 
9.00 33.42 -6.42 
9.00 33.42 -6.42 
9.00 33.42 -6.42 
10.00 32.92 -6.92 
10.00 32.92 -6.92 
10.00 32.92 -6.92 
11.00 32.42 -7.42 
11.00 32.42 -7.42 
11.00 32.42 -7.42 
12.00 31.92 -7.92 
12.00 31.92 -7.92 
12.00 31.92 -7.92 
12.00 32.78 -8.78 
12.00 31.92 -7.92 
12.00 31.92 -7.92 
12.00 31.92 -7.92 
13.00 31.42 -8.42 
13.00 31.42 -8.42 
13.00 31.42 -8.42 
14.00 30.92 -8.92 
14.00 30.92 -8.92 
14.00 30.92 -8.92 
15.00 30.42 -9.42 
15.00 30.42 -9.42 
15.00 30.42 -9.42 
15.00 30.42 -9.42 
16.00 29.92 -9.92 
16.00 29.92 -9.92 
16.00 29.92 -9.92 
17.00 29.42 -10.42 
17.00 29.42 -10.42 
17.00 29.42 -10.42 
17.00 29.42 -10.42 
18.00 28.92 -10.92 
18.00 28.92 -10.92 
18.00 28.05 -10.05 
19.00 27.55 -10.55 
19.00 27.55 -10.55 
19.00 27.55 -10.55 
19.00 27.55 -10.55 
20.00 27.05 -11.05 
20.00 27.05 -11.05 
20.00 27.05 -11.05 
21.00 26.55 -11.55 
21.00 26.55 -11.55 
21.00 25.69 -10.69 
21.00 25.69 -10.69 
22.00 25.19 -11.19 
22.00 25.19 -11.19 
22.00 25.19 -11.19 
22.00 25.19 -11.19 
23.00 24.69 -11.69 
23.00 24.69 -11.69 
23.00 23.82 -10.82 
24.00 23.32 -11.32 
24.00 23.32 -11.32 
24.00 23.32 -11.32 
24.00 23.32 -11.32 
25.00 22.82 -11.82 
25.00 21.95 -10.95 
25.00 21.95 -10.95 
25.00 21.95 -10.95 
26.00 21.45 -11.45 
26.00 21.45 -11.45 
26.00 21.45 -11.45 
26.00 20.59 -10.59 
27.00 20.09 -11.09 
27.00 20.09 -11.09 
27.00 20.09 -11.09 
27.00 20.09 -11.09 
27.00 19.22 -10.22 
28.00 18.72 -10.72 
28.00 18.72 -10.72 
28.00 18.72 -10.72 
28.00 18.72 -10.72 
29.00 17.36 -10.36 
29.00 17.36 -10.36 
29.00 17.36 -10.36 
29.00 17.36 -10.36 
29.00 16.49 -9.49 
30.00 15.99 -9.99 
30.00 15.99 -9.99 
30.00 15.99 -9.99 
30.00 15.99 -9.99 
30.00 15.12 -9.12 
31.00 14.62 -9.62 
31.00 14.62 -9.62 
31.00 14.62 -9.62 
31.00 13.76 -8.76 
31.00 13.76 -8.76 
31.00 13.76 -8.76 
32.00 13.26 -9.26 
32.00 12.39 -8.39 
32.00 12.39 -8.39 
32.00 12.39 -8.39 
32.00 12.39 -8.39 
32.00 11.53 -7.53 
33.00 11.03 -8.03 
33.00 11.03 -8.03 
33.00 10.16 -7.16 
33.00 10.16 -7.16 
33.00 10.16 -7.16 
33.00 10.16 -7.16 
33.00 9.29 -6.29 
33.00 9.29 -6.29 
34.00 8.79 -6.79 
34.00 8.79 -6.79 
34.00 7.93 -5.93 
34.00 7.93 -5.93 
34.00 7.93 -5.93 
34.00 7.06 -5.06 
34.00 7.06 -5.06 
34.00 7.06 -5.06 
34.00 7.06 -5.06 
34.00 6.20 -4.20 
35.00 5.70 -4.70 
35.00 5.70 -4.70 
35.00 4.83 -3.83 
35.00 4.83 -3.83 
35.00 4.83 -3.83 
35.00 4.83 -3.83 
35.00 3.96 -2.96 
35.00 3.96 -2.96 
35.00 3.96 -2.96 
35.00 3.10 -2.10 
35.00 3.10 -2.10 
35.00 3.10 -2.10 
35.00 3.10 -2.10 
35.00 2.23 -1.23 
35.00 2.23 -1.23 
35.00 2.23 -1.23 
35.00 1.37 -0.37 
35.00 1.37 -0.37 
35.00 1.37 -0.37 
35.00 0.50 0.50 
35.00 0.50 0.50 
35.00 0.50 0.50 
36.00 0.00 0.00 